run/rout/input/38801.xmask
ncols 61
nrows 47
xllcorner 36.750000
yllcorner 28.750000
cellsize 0.250000
NODATA_value -1
[rows 0 to 31 of 47, columns 0 to 60 of 61]
-1 -1 -1 -1 -1 -1 -1 -1 -1 -1 -1 -1 -1 -1 -1 -1 -1 2.756318e+04 -1 -1 -1 -1 -1 -1 -1 -1 -1 -1 -1 -1 -1 -1 -1 -1 -1 -1 -1 -1 -1 -1 -1 -1 -1 -1 -1 -1 -1 -1 -1 -1 -1 -1 -1 -1 -1 -1 -1 -1 -1 -1 -1
-1 -1 -1 -1 -1 -1 -1 -1 -1 -1 -1 -1 -1 -1 -1 -1 2.756318e+04 3.474455e+04 3.474455e+04 -1 -1 -1 -1 -1 -1 -1 -1 -1 -1 -1 -1 -1 -1 -1 -1 -1 -1 -1 -1 -1 -1 -1 -1 -1 -1 -1 -1 -1 -1 -1 -1 -1 -1 -1 -1 -1 -1 -1 -1 -1 -1
-1 -1 -1 -1 -1 -1 2.756318e+04 -1 2.756318e+04 2.756318e+04 2.756318e+04 -1 2.123009e+04 2.756318e+04 2.123009e+04 2.123009e+04 2.123009e+04 2.123009e+04 2.123009e+04 -1 -1 2.123009e+04 3.479142e+04 2.756318e+04 2.756318e+04 2.123009e+04 3.479142e+04 -1 -1 -1 -1 -1 -1 -1 -1 -1 -1 -1 -1 -1 -1 -1 -1 -1 -1 -1 -1 -1 -1 -1 -1 -1 -1 -1 -1 -1 -1 -1 -1 -1 -1
-1 -1 -1 2.756318e+04 2.756318e+04 2.130659e+04 3.483816e+04 2.756318e+04 3.483816e+04 2.130659e+04 2.130659e+04 2.130659e+04 2.130659e+04 2.130659e+04 2.130659e+04 3.483816e+04 2.130659e+04 2.756318e+04 -1 -1 -1 3.483816e+04 3.483816e+04 2.130659e+04 3.483816e+04 2.130659e+04 2.130659e+04 2.130659e+04 -1 -1 -1 -1 -1 -1 -1 -1 -1 -1 -1 -1 -1 -1 -1 -1 -1 -1 -1 -1 -1 -1 -1 -1 -1 -1 -1 -1 -1 -1 -1 -1 -1
-1 -1 2.138268e+04 2.138268e+04 2.138268e+04 2.138268e+04 3.488475e+04 2.138268e+04 2.138268e+04 2.138268e+04 3.488475e+04 2.756318e+04 3.488475e+04 2.756318e+04 3.488475e+04 2.138268e+04 2.138268e+04 2.138268e+04 2.138268e+04 2.138268e+04 2.138268e+04 2.756318e+04 3.488475e+04 3.488475e+04 2.138268e+04 3.488475e+04 2.138268e+04 2.756318e+04 -1 -1 -1 -1 -1 -1 -1 -1 -1 -1 -1 -1 -1 -1 -1 -1 -1 -1 -1 -1 -1 -1 -1 -1 -1 -1 -1 -1 -1 -1 -1 -1 -1
2.145837e+04 2.145837e+04 2.756318e+04 2.756318e+04 3.493119e+04 2.145837e+04 3.493119e+04 2.145837e+04 2.756318e+04 2.145837e+04 2.756318e+04 2.756318e+04 2.756318e+04 2.145837e+04 2.145837e+04 2.145837e+04 3.493119e+04 2.145837e+04 2.756318e+04 2.756318e+04 2.145837e+04 2.145837e+04 2.145837e+04 2.145837e+04 2.145837e+04 2.145837e+04 -1 -1 -1 -1 -1 -1 -1 -1 -1 -1 -1 -1 -1 -1 -1 -1 -1 -1 -1 -1 -1 -1 -1 -1 -1 -1 -1 -1 -1 -1 -1 -1 -1 -1 -1
3.497749e+04 3.497749e+04 2.153365e+04 2.756318e+04 3.497749e+04 2.756318e+04 2.756318e+04 3.497749e+04 2.153365e+04 2.153365e+04 2.153365e+04 3.497749e+04 2.153365e+04 2.153365e+04 2.153365e+04 3.497749e+04 2.153365e+04 3.497749e+04 3.497749e+04 2.153365e+04 2.756318e+04 3.497749e+04 -1 3.497749e+04 -1 -1 -1 -1 -1 -1 -1 -1 -1 -1 -1 -1 -1 -1 -1 -1 -1 -1 -1 -1 -1 -1 -1 -1 -1 -1 -1 -1 -1 -1 -1 -1 -1 -1 -1 -1 -1
3.502363e+04 2.160852e+04 2.160852e+04 3.502363e+04 2.160852e+04 3.502363e+04 3.502363e+04 2.160852e+04 3.502363e+04 3.502363e+04 2.756318e+04 3.502363e+04 2.160852e+04 2.160852e+04 2.160852e+04 3.502363e+04 2.756318e+04 2.756318e+04 3.502363e+04 3.502363e+04 2.160852e+04 2.160852e+04 -1 -1 -1 -1 -1 -1 -1 -1 -1 -1 -1 -1 -1 -1 -1 -1 -1 -1 -1 -1 -1 -1 -1 -1 -1 -1 -1 -1 -1 -1 -1 -1 -1 -1 -1 -1 -1 -1 -1
-1 -1 -1 2.168297e+04 3.506962e+04 2.168297e+04 2.168297e+04 2.168297e+04 2.168297e+04 2.756318e+04 2.168297e+04 2.168297e+04 3.506962e+04 2.756318e+04 3.506962e+04 3.506962e+04 3.506962e+04 2.756318e+04 2.168297e+04 3.506962e+04 2.168297e+04 3.506962e+04 2.756318e+04 3.506962e+04 -1 -1 -1 -1 -1 -1 -1 -1 -1 -1 -1 -1 -1 -1 -1 -1 -1 -1 -1 -1 -1 -1 -1 -1 -1 -1 -1 -1 -1 -1 -1 -1 -1 -1 -1 -1 -1
-1 -1 -1 2.756318e+04 3.511544e+04 3.511544e+04 3.511544e+04 3.511544e+04 3.511544e+04 2.756318e+04 2.756318e+04 2.175702e+04 2.175702e+04 2.756318e+04 3.511544e+04 3.511544e+04 2.756318e+04 2.756318e+04 2.756318e+04 3.511544e+04 2.756318e+04 2.175702e+04 2.756318e+04 2.175702e+04 3.511544e+04 3.511544e+04 2.175702e+04 -1 -1 2.756318e+04 3.511544e+04 -1 -1 -1 -1 -1 -1 -1 -1 -1 -1 -1 -1 -1 -1 -1 -1 -1 -1 -1 -1 -1 -1 -1 -1 -1 -1 -1 -1 -1 -1
-1 2.183065e+04 2.183065e+04 2.183065e+04 3.516111e+04 2.756318e+04 2.183065e+04 2.756318e+04 2.756318e+04 2.183065e+04 2.183065e+04 3.516111e+04 2.756318e+04 2.183065e+04 2.183065e+04 2.183065e+04 3.516111e+04 2.183065e+04 3.516111e+04 2.183065e+04 2.756318e+04 2.183065e+04 2.183065e+04 2.183065e+04 2.183065e+04 2.183065e+04 2.756318e+04 2.183065e+04 2.183065e+04 3.516111e+04 -1 -1 -1 -1 -1 -1 -1 -1 -1 -1 -1 -1 -1 -1 -1 -1 -1 -1 -1 -1 -1 -1 -1 -1 -1 -1 -1 -1 -1 -1 -1
-1 -1 -1 2.190386e+04 2.190386e+04 2.756318e+04 2.756318e+04 3.520662e+04 2.190386e+04 3.520662e+04 2.190386e+04 2.190386e+04 2.190386e+04 3.520662e+04 3.520662e+04 2.756318e+04 2.756318e+04 2.190386e+04 2.190386e+04 2.190386e+04 2.756318e+04 2.190386e+04 3.520662e+04 2.756318e+04 2.190386e+04 2.756318e+04 2.190386e+04 3.520662e+04 3.520662e+04 2.190386e+04 2.190386e+04 -1 -1 -1 -1 -1 -1 -1 -1 -1 -1 -1 -1 -1 -1 -1 -1 -1 -1 -1 -1 -1 -1 -1 -1 -1 -1 -1 -1 -1 -1
-1 -1 2.197666e+04 2.197666e+04 2.756318e+04 2.197666e+04 2.197666e+04 2.197666e+04 2.197666e+04 2.756318e+04 3.525195e+04 2.756318e+04 2.756318e+04 2.756318e+04 2.756318e+04 2.756318e+04 2.756318e+04 2.756318e+04 2.197666e+04 2.197666e+04 2.197666e+04 3.525195e+04 2.756318e+04 2.756318e+04 2.197666e+04 2.756318e+04 3.525195e+04 2.756318e+04 2.756318e+04 2.756318e+04 2.756318e+04 3.525195e+04 -1 -1 -1 -1 -1 -1 -1 -1 -1 -1 -1 -1 -1 -1 -1 -1 -1 -1 -1 -1 -1 -1 -1 -1 -1 -1 -1 -1 -1
-1 2.204904e+04 3.529712e+04 3.529712e+04 3.529712e+04 3.529712e+04 3.529712e+04 3.529712e+04 2.756318e+04 3.529712e+04 3.529712e+04 3.529712e+04 3.529712e+04 2.756318e+04 2.756318e+04 2.756318e+04 2.756318e+04 2.756318e+04 2.756318e+04 3.529712e+04 2.204904e+04 2.204904e+04 2.756318e+04 2.204904e+04 2.204904e+04 2.204904e+04 2.204904e+04 3.529712e+04 2.756318e+04 3.529712e+04 2.204904e+04 3.529712e+04 -1 -1 -1 -1 -1 -1 -1 -1 -1 -1 -1 -1 -1 -1 -1 -1 -1 -1 -1 -1 -1 -1 -1 -1 -1 -1 -1 -1 -1
-1 -1 2.212100e+04 3.534212e+04 2.212100e+04 2.756318e+04 2.212100e+04 3.534212e+04 2.756318e+04 3.534212e+04 3.534212e+04 3.534212e+04 3.534212e+04 2.756318e+04 2.756318e+04 2.756318e+04 2.756318e+04 2.756318e+04 2.756318e+04 2.212100e+04 3.534212e+04 2.212100e+04 2.212100e+04 3.534212e+04 2.756318e+04 2.212100e+04 2.756318e+04 2.756318e+04 2.212100e+04 2.756318e+04 2.212100e+04 2.212100e+04 2.212100e+04 2.756318e+04 -1 -1 -1 -1 -1 -1 -1 -1 -1 -1 -1 -1 -1 -1 -1 -1 -1 -1 -1 -1 -1 -1 -1 -1 -1 -1 -1
-1 -1 -1 2.219253e+04 2.219253e+04 2.756318e+04 3.538694e+04 2.219253e+04 3.538694e+04 2.756318e+04 2.756318e+04 3.538694e+04 2.219253e+04 2.219253e+04 2.219253e+04 3.538694e+04 2.756318e+04 2.219253e+04 2.219253e+04 2.219253e+04 2.219253e+04 2.219253e+04 2.219253e+04 3.538694e+04 2.756318e+04 2.756318e+04 2.756318e+04 2.756318e+04 2.756318e+04 2.219253e+04 2.219253e+04 2.219253e+04 2.219253e+04 3.538694e+04 2.756318e+04 -1 -1 -1 -1 -1 -1 -1 -1 -1 -1 -1 -1 -1 -1 -1 -1 -1 -1 -1 -1 -1 -1 -1 -1 -1 -1
-1 -1 -1 -1 3.543158e+04 2.756318e+04 3.543158e+04 3.543158e+04 2.226365e+04 3.543158e+04 2.226365e+04 2.226365e+04 3.543158e+04 3.543158e+04 3.543158e+04 2.756318e+04 3.543158e+04 2.226365e+04 2.756318e+04 2.756318e+04 3.543158e+04 2.226365e+04 2.756318e+04 2.226365e+04 2.226365e+04 2.756318e+04 2.226365e+04 2.756318e+04 3.543158e+04 2.226365e+04 2.226365e+04 3.543158e+04 2.756318e+04 2.756318e+04 3.543158e+04 -1 -1 -1 -1 -1 -1 -1 -1 -1 -1 -1 -1 -1 -1 -1 -1 -1 -1 -1 -1 -1 -1 -1 -1 -1 -1
-1 -1 -1 -1 -1 3.547604e+04 2.756318e+04 2.233434e+04 2.233434e+04 2.756318e+04 3.547604e+04 2.756318e+04 3.547604e+04 2.756318e+04 2.756318e+04 3.547604e+04 2.233434e+04 2.233434e+04 3.547604e+04 -1 -1 3.547604e+04 3.547604e+04 2.756318e+04 3.547604e+04 2.233434e+04 2.756318e+04 3.547604e+04 2.233434e+04 2.233434e+04 2.756318e+04 2.233434e+04 2.756318e+04 2.233434e+04 2.233434e+04 3.547604e+04 3.547604e+04 -1 -1 -1 -1 -1 -1 -1 -1 -1 -1 -1 -1 -1 -1 -1 -1 -1 -1 -1 -1 -1 -1 -1 -1
-1 -1 -1 -1 -1 2.240461e+04 2.240461e+04 2.240461e+04 2.240461e+04 2.240461e+04 2.240461e+04 2.240461e+04 2.240461e+04 2.240461e+04 2.240461e+04 2.240461e+04 3.552032e+04 2.240461e+04 2.240461e+04 -1 -1 3.552032e+04 2.240461e+04 2.756318e+04 3.552032e+04 2.240461e+04 3.552032e+04 3.552032e+04 3.552032e+04 2.756318e+04 2.240461e+04 2.240461e+04 2.240461e+04 2.240461e+04 3.552032e+04 2.240461e+04 2.240461e+04 -1 -1 -1 -1 -1 -1 -1 -1 -1 -1 -1 -1 -1 -1 -1 -1 -1 -1 -1 -1 -1 -1 -1 -1
-1 -1 -1 -1 -1 2.756318e+04 2.756318e+04 2.756318e+04 2.247445e+04 3.556441e+04 2.756318e+04 2.756318e+04 3.556441e+04 2.756318e+04 3.556441e+04 2.756318e+04 2.247445e+04 -1 -1 -1 -1 -1 3.556441e+04 3.556441e+04 2.756318e+04 3.556441e+04 2.247445e+04 3.556441e+04 3.556441e+04 2.247445e+04 2.247445e+04 3.556441e+04 2.756318e+04 2.756318e+04 2.756318e+04 3.556441e+04 3.556441e+04 3.556441e+04 2.756318e+04 2.756318e+04 -1 3.556441e+04 -1 -1 -1 -1 -1 -1 -1 -1 -1 -1 -1 -1 -1 -1 -1 -1 -1 -1 -1
-1 -1 -1 -1 3.560832e+04 2.254386e+04 3.560832e+04 2.756318e+04 3.560832e+04 2.254386e+04 2.254386e+04 3.560832e+04 2.254386e+04 3.560832e+04 2.254386e+04 2.756318e+04 -1 -1 -1 -1 -1 -1 -1 2.254386e+04 3.560832e+04 2.254386e+04 2.756318e+04 3.560832e+04 2.756318e+04 3.560832e+04 3.560832e+04 3.560832e+04 2.756318e+04 2.254386e+04 2.254386e+04 3.560832e+04 2.756318e+04 2.254386e+04 2.756318e+04 3.560832e+04 2.756318e+04 3.560832e+04 -1 -1 -1 -1 -1 -1 -1 -1 -1 -1 -1 -1 -1 -1 -1 -1 -1 -1 -1
-1 -1 -1 -1 2.756318e+04 2.756318e+04 2.756318e+04 2.756318e+04 2.261284e+04 2.756318e+04 2.756318e+04 3.565203e+04 3.565203e+04 2.261284e+04 3.565203e+04 2.756318e+04 -1 -1 -1 -1 -1 2.261284e+04 2.261284e+04 3.565203e+04 3.565203e+04 2.756318e+04 3.565203e+04 2.756318e+04 3.565203e+04 2.756318e+04 2.756318e+04 2.261284e+04 2.261284e+04 3.565203e+04 2.261284e+04 2.756318e+04 2.261284e+04 2.261284e+04 2.261284e+04 2.261284e+04 2.261284e+04 2.261284e+04 -1 2.756318e+04 -1 -1 -1 -1 -1 -1 -1 -1 -1 -1 -1 -1 -1 -1 -1 -1 -1
-1 -1 -1 -1 -1 2.756318e+04 2.756318e+04 2.268139e+04 2.268139e+04 2.268139e+04 2.268139e+04 2.268139e+04 2.268139e+04 2.268139e+04 2.268139e+04 3.569555e+04 2.756318e+04 -1 -1 -1 2.756318e+04 3.569555e+04 3.569555e+04 2.268139e+04 2.268139e+04 2.756318e+04 2.268139e+04 2.756318e+04 2.756318e+04 3.569555e+04 2.756318e+04 2.756318e+04 2.268139e+04 3.569555e+04 2.756318e+04 3.569555e+04 2.756318e+04 3.569555e+04 2.268139e+04 2.756318e+04 2.756318e+04 3.569555e+04 2.268139e+04 2.268139e+04 2.268139e+04 2.756318e+04 -1 -1 -1 -1 -1 -1 -1 -1 -1 -1 -1 -1 -1 -1 -1
-1 -1 -1 -1 -1 -1 -1 2.274951e+04 2.274951e+04 3.573887e+04 3.573887e+04 2.756318e+04 2.274951e+04 2.274951e+04 2.274951e+04 2.274951e+04 2.756318e+04 -1 -1 2.274951e+04 2.756318e+04 2.756318e+04 2.274951e+04 2.274951e+04 2.274951e+04 2.756318e+04 3.573887e+04 3.573887e+04 3.573887e+04 2.756318e+04 2.756318e+04 3.573887e+04 2.756318e+04 2.274951e+04 3.573887e+04 2.274951e+04 3.573887e+04 2.756318e+04 3.573887e+04 2.274951e+04 2.756318e+04 2.274951e+04 2.756318e+04 2.274951e+04 2.756318e+04 3.573887e+04 3.573887e+04 -1 -1 -1 -1 -1 -1 -1 -1 -1 -1 -1 -1 -1 -1
-1 -1 -1 -1 -1 -1 -1 3.578200e+04 2.756318e+04 2.756318e+04 2.756318e+04 3.578200e+04 3.578200e+04 2.281720e+04 2.756318e+04 2.281720e+04 2.281720e+04 2.281720e+04 2.281720e+04 2.281720e+04 2.281720e+04 2.281720e+04 2.756318e+04 3.578200e+04 2.281720e+04 2.756318e+04 2.281720e+04 2.756318e+04 2.756318e+04 2.756318e+04 2.756318e+04 3.578200e+04 2.756318e+04 2.756318e+04 2.281720e+04 2.281720e+04 2.281720e+04 2.281720e+04 2.756318e+04 2.281720e+04 2.281720e+04 3.578200e+04 2.756318e+04 2.281720e+04 2.281720e+04 2.281720e+04 2.281720e+04 2.281720e+04 2.281720e+04 -1 -1 -1 -1 -1 -1 -1 -1 -1 -1 -1 -1
-1 -1 -1 -1 -1 -1 -1 3.582492e+04 2.756318e+04 3.582492e+04 2.288445e+04 2.756318e+04 3.582492e+04 3.582492e+04 3.582492e+04 2.756318e+04 2.288445e+04 2.756318e+04 3.582492e+04 2.756318e+04 3.582492e+04 2.288445e+04 3.582492e+04 2.756318e+04 2.288445e+04 3.582492e+04 2.756318e+04 3.582492e+04 2.288445e+04 3.582492e+04 2.756318e+04 2.756318e+04 3.582492e+04 2.288445e+04 2.756318e+04 3.582492e+04 3.582492e+04 3.582492e+04 2.288445e+04 3.582492e+04 3.582492e+04 2.288445e+04 2.756318e+04 2.288445e+04 2.288445e+04 2.288445e+04 3.582492e+04 2.288445e+04 3.582492e+04 2.288445e+04 -1 -1 -1 -1 -1 -1 -1 -1 -1 -1 -1
-1 -1 -1 -1 -1 -1 -1 -1 -1 3.586764e+04 2.295127e+04 3.586764e+04 2.295127e+04 2.756318e+04 2.756318e+04 2.756318e+04 2.756318e+04 2.756318e+04 3.586764e+04 2.295127e+04 2.295127e+04 2.295127e+04 2.295127e+04 2.756318e+04 2.295127e+04 2.295127e+04 3.586764e+04 2.295127e+04 2.295127e+04 2.756318e+04 2.756318e+04 2.756318e+04 2.756318e+04 2.756318e+04 3.586764e+04 2.756318e+04 2.295127e+04 2.295127e+04 3.586764e+04 2.756318e+04 2.295127e+04 2.756318e+04 2.756318e+04 2.295127e+04 2.756318e+04 2.756318e+04 2.295127e+04 3.586764e+04 2.756318e+04 2.756318e+04 -1 -1 -1 -1 -1 -1 -1 -1 -1 -1 -1
-1 -1 -1 -1 -1 -1 -1 -1 -1 2.301765e+04 2.756318e+04 3.591015e+04 3.591015e+04 2.301765e+04 3.591015e+04 2.301765e+04 3.591015e+04 2.301765e+04 3.591015e+04 2.301765e+04 2.756318e+04 2.301765e+04 2.301765e+04 2.301765e+04 2.301765e+04 3.591015e+04 3.591015e+04 2.756318e+04 2.301765e+04 3.591015e+04 2.756318e+04 2.756318e+04 2.756318e+04 2.756318e+04 3.591015e+04 3.591015e+04 2.301765e+04 3.591015e+04 2.301765e+04 2.301765e+04 3.591015e+04 2.301765e+04 2.301765e+04 2.756318e+04 2.756318e+04 3.591015e+04 2.301765e+04 2.301765e+04 2.756318e+04 2.301765e+04 2.301765e+04 3.591015e+04 -1 -1 -1 -1 -1 -1 -1 -1 -1
-1 -1 -1 -1 -1 -1 -1 -1 -1 2.756318e+04 2.756318e+04 2.308359e+04 3.595246e+04 3.595246e+04 2.756318e+04 2.308359e+04 3.595246e+04 2.756318e+04 2.308359e+04 3.595246e+04 2.756318e+04 3.595246e+04 2.308359e+04 3.595246e+04 2.756318e+04 2.308359e+04 2.308359e+04 3.595246e+04 2.756318e+04 2.308359e+04 3.595246e+04 2.756318e+04 3.595246e+04 3.595246e+04 2.756318e+04 3.595246e+04 3.595246e+04 3.595246e+04 3.595246e+04 3.595246e+04 2.308359e+04 3.595246e+04 2.308359e+04 2.308359e+04 3.595246e+04 2.308359e+04 2.308359e+04 2.308359e+04 2.756318e+04 2.308359e+04 2.308359e+04 2.308359e+04 2.308359e+04 -1 -1 -1 -1 -1 -1 -1 -1
-1 -1 -1 -1 -1 -1 -1 -1 -1 2.756318e+04 2.756318e+04 3.599455e+04 3.599455e+04 2.314910e+04 2.314910e+04 2.756318e+04 2.314910e+04 3.599455e+04 2.314910e+04 2.314910e+04 2.314910e+04 3.599455e+04 2.314910e+04 2.314910e+04 2.314910e+04 2.314910e+04 3.599455e+04 2.756318e+04 2.314910e+04 2.756318e+04 2.314910e+04 2.756318e+04 2.756318e+04 2.314910e+04 2.756318e+04 2.756318e+04 2.756318e+04 2.314910e+04 2.314910e+04 3.599455e+04 3.599455e+04 2.756318e+04 2.314910e+04 3.599455e+04 2.756318e+04 3.599455e+04 3.599455e+04 2.756318e+04 2.314910e+04 2.314910e+04 2.314910e+04 2.756318e+04 2.314910e+04 -1 -1 -1 -1 -1 -1 -1 -1
-1 -1 -1 -1 -1 -1 -1 -1 3.603642e+04 2.756318e+04 2.756318e+04 3.603642e+04 2.321416e+04 3.603642e+04 3.603642e+04 3.603642e+04 3.603642e+04 2.756318e+04 3.603642e+04 3.603642e+04 2.321416e+04 2.321416e+04 2.321416e+04 2.321416e+04 2.321416e+04 2.321416e+04 2.321416e+04 3.603642e+04 3.603642e+04 3.603642e+04 2.321416e+04 2.321416e+04 2.321416e+04 2.756318e+04 2.321416e+04 3.603642e+04 2.756318e+04 3.603642e+04 3.603642e+04 3.603642e+04 2.321416e+04 2.756318e+04 3.603642e+04 2.321416e+04 3.603642e+04 2.756318e+04 2.756318e+04 2.756318e+04 2.321416e+04 2.321416e+04 2.321416e+04 3.603642e+04 2.321416e+04 2.321416e+04 -1 -1 -1 -1 -1 -1 -1
-1 -1 -1 -1 -1 -1 -1 -1 -1 3.607809e+04 3.607809e+04 2.756318e+04 3.607809e+04 2.327878e+04 2.327878e+04 2.327878e+04 2.327878e+04 2.327878e+04 2.327878e+04 2.327878e+04 3.607809e+04 2.756318e+04 2.327878e+04 3.607809e+04 2.327878e+04 2.327878e+04 2.327878e+04 2.327878e+04 2.756318e+04 3.607809e+04 3.607809e+04 2.327878e+04 3.607809e+04 2.327878e+04 2.327878e+04 2.327878e+04 2.327878e+04 2.327878e+04 3.607809e+04 2.756318e+04 3.607809e+04 2.756318e+04 3.607809e+04 2.327878e+04 3.607809e+04 2.756318e+04 2.756318e+04 2.327878e+04 3.607809e+04 2.327878e+04 2.756318e+04 3.607809e+04 2.756318e+04 2.327878e+04 -1 -1 -1 -1 -1 -1 -1
